2113 0
1650 0
1818 0
1548 0
2345 0
3074 0
3739 0
2975 0
715 0
371 0
1153 0
3030 0
929 0
3575 0
3495 0
2264 0
2393 0
2152 0
1287 0
2114 0
366 0
828 0
2864 0
692 0
1782 0
843 0
1497 0
2328 0
3639 0
1176 0
49 0
545 0
3907 0
3489 0
3296 0
2489 0
1662 0
993 0
3112 0
55 0
209 0
1957 0
1247 0
530 0
3374 0
2985 0
2760 0
1546 0
2383 0
2891 0
1111 0
2203 0
309 0
668 0
430 0
3769 0
3277 0
2523 0
2162 0
2003 0
726 0
774 0
2332 0
1551 0
2407 0
2518 0
2839 0
2235 0
2474 0
3183 0
3137 0
800 0
1897 0
3165 0
3606 0
2466 0
3021 0
1965 0
3576 0
1536 0
1523 0
1428 0
114 0
2468 0
194 0
3133 0
2013 0
1538 0
1383 0
3697 0
1834 0
1037 0
583 0
2785 0
2996 0
457 0
3325 0
1698 1
1539 1
2042 1
975 1
3441 1
1852 1
2784 1
429 1
3526 1
1940 1
1066 1
4029 1
1740 1
2128 1
1759 1
2039 1
3129 1
261 1
629 1
3823 1
756 1
59 1
112 1
259 1
3367 1
3916 1
2071 1
3598 1
3628 1
3857 1
3727 1
1357 1
3858 1
552 1
3510 1
3592 1
2965 1
361 1
2770 1
1070 1
3799 1
1311 1
3690 1
3451 1
1290 1
3348 1
3988 1
1502 1
3923 1
1947 1
2476 1
2104 1
2461 1
3098 1
1617 1
3045 1
3688 1
146 1
3893 1
3327 1
40 1
94 1
1403 1
3864 1
3116 1
2507 1
1210 1
228 1
797 1
1675 1
19 1
893 1
1462 1
266 1
1188 1
1691 1
2926 1
2439 1
1941 1
767 1
193 1
1831 1
2326 1
801 1
2284 1
4004 1
1778 1
2883 1
3356 1
702 1
2006 1
3801 1
1080 1
2829 1
1137 1
2515 1
2556 1
3566 2
2448 2
2851 2
2027 2
551 2
2074 2
3516 2
155 2
2572 2
537 2
2171 2
976 2
3286 2
1657 2
3509 2
2843 2
1231 2
2179 2
1006 2
887 2
1735 2
437 2
174 2
4018 2
2092 2
2520 2
3377 2
3043 2
2096 2
3131 2
3863 2
3943 2
2961 2
1750 2
2725 2
20 2
2169 2
3055 2
2395 2
923 2
716 2
3313 2
434 2
3878 2
2186 2
2665 2
1598 2
1928 2
106 2
296 2
2963 2
182 2
2314 2
2817 2
3203 2
3458 2
3986 2
1187 2
15 2
236 2
3751 2
3173 2
659 2
3091 2
1499 2
723 2
685 2
1806 2
88 2
3548 2
3590 2
1541 2
3106 2
3787 2
2061 2
3498 2
1507 2
3214 2
3194 2
2987 2
197 2
1678 2
2953 2
990 2
3679 2
760 2
1693 2
3326 2
3722 2
2631 2
1009 2
1454 2
2160 2
3780 2
3486 2
2131 2
2974 2
3743 3
2223 3
3500 3
3701 3
1802 3
2971 3
3949 3
3233 3
3077 3
4001 3
1190 3
1708 3
1949 3
2712 3
3814 3
520 3
2659 3
3177 3
3759 3
1612 3
3902 3
35 3
73 3
3002 3
2133 3
3175 3
1860 3
2396 3
2177 3
842 3
4025 3
3324 3
1298 3
1706 3
36 3
667 3
2054 3
1790 3
3786 3
380 3
1186 3
597 3
3951 3
3258 3
1508 3
3060 3
1725 3
3496 3
1646 3
2073 3
684 3
1136 3
4028 3
2733 3
3378 3
1120 3
2302 3
404 3
1236 3
1588 3
478 3
2983 3
399 3
3689 3
992 3
2033 3
2636 3
3850 3
2657 3
140 3
81 3
2995 3
798 3
554 3
3875 3
1380 3
557 3
0 3
3629 3
2644 3
985 3
1850 3
3647 3
2347 3
569 3
3369 3
3101 3
3202 3
1601 3
1771 3
1427 3
289 3
1833 3
3294 3
2374 3
2537 3
639 3
2308 4
426 4
2184 4
3394 4
3421 4
3523 4
2838 4
3795 4
3291 4
3256 4
357 4
1916 4
325 4
3621 4
1358 4
2322 4
2473 4
3984 4
3345 4
3572 4
3004 4
2018 4
2381 4
2488 4
355 4
704 4
1107 4
1302 4
2168 4
917 4
2577 4
863 4
826 4
1463 4
2365 4
3865 4
2247 4
2638 4
1216 4
480 4
1603 4
72 4
2582 4
3600 4
3385 4
2640 4
1820 4
505 4
1296 4
2355 4
1206 4
3425 4
1281 4
67 4
4007 4
3602 4
3302 4
1484 4
718 4
3169 4
595 4
3262 4
1079 4
1030 4
48 4
3379 4
2972 4
1930 4
1929 4
3298 4
3866 4
148 4
4017 4
575 4
165 4
3720 4
781 4
3278 4
3713 4
1681 4
2759 4
2877 4
1197 4
3792 4
3255 4
2615 4
2324 4
1868 4
3252 4
821 4
3028 4
1532 4
2155 4
2958 4
2460 4
746 4
2999 4
352 5
2416 5
377 5
3917 5
2313 5
3056 5
949 5
1411 5
2451 5
2353 5
1495 5
2911 5
3827 5
3026 5
1113 5
1744 5
561 5
2525 5
3570 5
3908 5
2516 5
1261 5
861 5
1418 5
1325 5
52 5
3819 5
3969 5
451 5
42 5
3612 5
818 5
1036 5
1875 5
3222 5
3680 5
172 5
3892 5
2109 5
2248 5
910 5
1647 5
3477 5
1602 5
1122 5
775 5
2367 5
4013 5
2827 5
2384 5
2547 5
1955 5
3470 5
885 5
199 5
1856 5
3825 5
2273 5
367 5
3338 5
1606 5
2240 5
2348 5
1569 5
1329 5
2950 5
1007 5
3355 5
3699 5
498 5
2623 5
697 5
392 5
1204 5
3210 5
3431 5
2144 5
144 5
2163 5
3957 5
119 5
3119 5
2860 5
2526 5
3122 5
2970 5
3670 5
304 5
1745 5
3402 5
2605 5
1827 5
1444 5
3824 5
793 5
320 5
1227 5
1487 6
268 6
1582 6
2462 6
3700 6
727 6
2835 6
3113 6
683 6
2269 6
1430 6
1978 6
2330 6
1886 6
1334 6
2789 6
827 6
1800 6
1797 6
202 6
3820 6
2545 6
1224 6
849 6
2650 6
1243 6
3906 6
1987 6
2604 6
573 6
338 6
3436 6
1219 6
2115 6
2149 6
2193 6
2191 6
2846 6
3110 6
3372 6
1861 6
672 6
3254 6
1157 6
2964 6
463 6
732 6
3518 6
945 6
638 6
645 6
3157 6
2776 6
1017 6
351 6
319 6
1767 6
145 6
1776 6
1972 6
425 6
3248 6
3638 6
3794 6
2335 6
1789 6
1593 6
2427 6
602 6
3842 6
400 6
2011 6
1966 6
226 6
1639 6
1401 6
1959 6
531 6
1830 6
2032 6
2097 6
3564 6
3271 6
4014 6
747 6
2031 6
1795 6
699 6
3395 6
3709 6
45 6
3975 6
3705 6
170 6
363 6
3399 6
1709 6
3168 7
2456 7
1578 7
745 7
3104 7
1913 7
37 7
2213 7
2807 7
2857 7
1615 7
410 7
2019 7
3001 7
1995 7
811 7
3968 7
3227 7
1082 7
829 7
3649 7
1362 7
247 7
1459 7
3146 7
3025 7
3909 7
689 7
2002 7
3011 7
3078 7
733 7
2147 7
2164 7
3412 7
27 7
3922 7
698 7
1951 7
2667 7
3485 7
204 7
1915 7
116 7
2938 7
1695 7
1156 7
3783 7
3852 7
789 7
2134 7
3934 7
2763 7
2908 7
1149 7
4002 7
3049 7
3391 7
321 7
1075 7
1369 7
3832 7
2672 7
2674 7
3235 7
2803 7
762 7
3941 7
3023 7
342 7
2454 7
1705 7
3012 7
3000 7
340 7
2430 7
2822 7
3099 7
2718 7
824 7
2399 7
2591 7
3883 7
2721 7
3172 7
3034 7
2722 7
839 7
257 7
987 7
1844 7
2346 7
3280 7
3347 7
1449 7
445 7
3482 8
3833 8
1974 8
2812 8
835 8
2221 8
275 8
142 8
1608 8
2239 8
1436 8
3742 8
2690 8
1573 8
2467 8
1547 8
1555 8
1400 8
2931 8
3085 8
1962 8
2794 8
3340 8
2973 8
2198 8
2362 8
950 8
567 8
1500 8
91 8
4000 8
2729 8
1456 8
524 8
3150 8
2788 8
3826 8
441 8
2142 8
1945 8
135 8
1559 8
1954 8
3913 8
1199 8
455 8
1680 8
5 8
1056 8
1480 8
2754 8
2052 8
3930 8
2272 8
973 8
2630 8
1994 8
728 8
2990 8
1824 8
3062 8
3635 8
2960 8
730 8
252 8
2095 8
2485 8
2945 8
790 8
3687 8
3642 8
1654 8
2226 8
3757 8
190 8
2419 8
384 8
3512 8
364 8
3840 8
502 8
3020 8
802 8
2457 8
2614 8
30 8
2068 8
1808 8
2558 8
1420 8
1677 8
3960 8
619 8
2924 8
2051 8
3363 8
3789 9
1257 9
3710 9
3125 9
1439 9
763 9
512 9
3658 9
2436 9
2475 9
809 9
143 9
757 9
1193 9
1426 9
3955 9
553 9
1967 9
3665 9
2192 9
854 9
3243 9
3083 9
1229 9
1670 9
2294 9
78 9
1534 9
901 9
729 9
3939 9
2339 9
2666 9
2626 9
1977 9
1796 9
1772 9
3894 9
3381 9
1053 9
2557 9
577 9
2553 9
3264 9
959 9
3854 9
1590 9
1198 9
2043 9
580 9
908 9
1169 9
888 9
2555 9
216 9
235 9
43 9
540 9
916 9
2680 9
1064 9
2317 9
339 9
803 9
2389 9
2863 9
2286 9
3672 9
3350 9
4023 9
1873 9
1596 9
3141 9
3467 9
487 9
565 9
1166 9
3959 9
3593 9
95 9
2101 9
3368 9
3542 9
878 9
3924 9
3754 9
1351 9
1057 9
3928 9
2892 9
1165 9
2478 9
2170 9
578 9
3591 9
415 9
1906 10
2336 10
2400 10
3811 10
2106 10
362 10
834 10
2190 10
2452 10
3387 10
196 10
2905 10
2035 10
3966 10
98 10
940 10
2981 10
2265 10
1264 10
2296 10
3853 10
1584 10
1652 10
2620 10
832 10
514 10
3290 10
3946 10
548 10
2837 10
3084 10
1665 10
17 10
12 10
2227 10
2914 10
544 10
1214 10
3182 10
499 10
1047 10
3698 10
934 10
3411 10
4005 10
1524 10
1423 10
3310 10
61 10
1907 10
3181 10
2695 10
1407 10
9 10
2124 10
724 10
139 10
3396 10
2009 10
844 10
3574 10
1248 10
2517 10
69 10
120 10
1435 10
2624 10
1146 10
346 10
1969 10
344 10
3236 10
1004 10
2642 10
527 10
3546 10
3568 10
503 10
1405 10
2398 10
1289 10
3667 10
2237 10
2762 10
1346 10
2025 10
1986 10
3301 10
453 10
2694 10
3712 10
2183 10
1098 10
1102 10
3860 10
2512 10
201 11
1071 11
3261 11
1855 11
1283 11
2791 11
1218 11
735 11
3149 11
3683 11
2153 11
2806 11
3284 11
3100 11
3987 11
1381 11
1739 11
1273 11
2629 11
2773 11
2344 11
1689 11
2752 11
427 11
2801 11
1446 11
385 11
2127 11
3207 11
2710 11
549 11
1479 11
1464 11
3903 11
3306 11
1828 11
1727 11
1398 11
1496 11
416 11
3176 11
2768 11
2968 11
2447 11
2679 11
2571 11
1458 11
1221 11
2047 11
2030 11
1753 11
2566 11
1585 11
1933 11
1101 11
376 11
770 11
1774 11
3193 11
3586 11
852 11
1514 11
1074 11
2738 11
2554 11
3429 11
3748 11
874 11
1347 11
124 11
2060 11
2156 11
3317 11
1473 11
1067 11
293 11
1474 11
3237 11
2085 11
1619 11
3102 11
3507 11
1031 11
2634 11
2065 11
3793 11
3921 11
479 11
3805 11
3760 11
1970 11
3691 11
4016 11
1770 11
68 11
206 11
1841 12
422 12
2876 12
3545 12
3938 12
65 12
231 12
3707 12
564 12
3238 12
1963 12
943 12
1256 12
2349 12
776 12
1089 12
2479 12
3637 12
2882 12
1363 12
46 12
7 12
3834 12
3265 12
2541 12
3488 12
2151 12
365 12
1690 12
3351 12
272 12
1104 12
2980 12
769 12
773 12
2599 12
783 12
766 12
3781 12
2641 12
368 12
2288 12
587 12
2869 12
966 12
141 12
123 12
1108 12
4021 12
1723 12
3765 12
1528 12
3904 12
3072 12
2886 12
3388 12
3358 12
2870 12
44 12
3184 12
946 12
1144 12
2341 12
2889 12
2917 12
850 12
1051 12
270 12
1644 12
1711 12
912 12
2622 12
3469 12
1416 12
2159 12
2089 12
238 12
904 12
3160 12
1304 12
336 12
2683 12
1715 12
2450 12
2126 12
2434 12
1121 12
126 12
2648 12
1155 12
159 12
3384 12
3729 12
1291 12
1442 12
167 12
1220 13
2539 13
3686 13
1100 13
964 13
2594 13
1638 13
765 13
2901 13
2660 13
1707 13
3139 13
4026 13
448 13
452 13
3459 13
3047 13
3932 13
3650 13
3532 13
1685 13
1307 13
1604 13
628 13
3950 13
242 13
3695 13
2083 13
736 13
3669 13
23 13
1173 13
2884 13
1651 13
675 13
1899 13
4032 13
482 13
3357 13
534 13
3829 13
2150 13
662 13
2716 13
287 13
3515 13
195 13
2613 13
2428 13
3940 13
1518 13
3331 13
830 13
1658 13
1544 13
359 13
2724 13
3322 13
2229 13
690 13
28 13
1341 13
526 13
939 13
3557 13
677 13
3880 13
394 13
558 13
2108 13
3971 13
2707 13
2909 13
1676 13
3019 13
1668 13
930 13
2862 13
686 13
2929 13
3887 13
2295 13
3199 13
18 13
1348 13
3090 13
2210 13
2176 13
813 13
2530 13
3772 13
855 13
1964 13
2955 13
2601 13
2514 13
1823 14
1335 14
183 14
121 14
1322 14
2854 14
1887 14
588 14
1943 14
1332 14
3128 14
3445 14
1337 14
2775 14
1854 14
1127 14
2728 14
3547 14
2062 14
2228 14
3911 14
846 14
3161 14
2343 14
476 14
2376 14
462 14
3408 14
1371 14
3937 14
1878 14
490 14
2647 14
1607 14
2956 14
1822 14
556 14
1151 14
2510 14
3017 14
3948 14
3535 14
981 14
3775 14
2546 14
905 14
709 14
1721 14
3651 14
3505 14
1609 14
299 14
1982 14
2224 14
2590 14
2808 14
2165 14
1174 14
2750 14
589 14
2766 14
1147 14
2737 14
2895 14
1730 14
1001 14
2369 14
1447 14
1553 14
1749 14
460 14
2927 14
3103 14
3884 14
504 14
393 14
3851 14
1249 14
1567 14
1419 14
1317 14
3287 14
3889 14
3625 14
2091 14
701 14
1091 14
941 14
3882 14
1525 14
2189 14
1848 14
2790 14
3414 14
3463 14
1148 14
2359 15
2075 15
3081 15
1445 15
3171 15
2402 15
1252 15
1027 15
2471 15
3873 15
1414 15
845 15
310 15
857 15
642 15
2292 15
3919 15
390 15
225 15
2840 15
1752 15
2446 15
496 15
4027 15
2616 15
2583 15
1269 15
3888 15
3318 15
3409 15
983 15
3480 15
3800 15
1477 15
2301 15
3263 15
1184 15
2559 15
543 15
3071 15
2697 15
54 15
2795 15
1409 15
2138 15
3578 15
2749 15
1660 15
2290 15
2782 15
2117 15
754 15
34 15
2112 15
613 15
1152 15
3703 15
4033 15
1090 15
3392 15
1038 15
2618 15
3630 15
2048 15
3481 15
804 15
3466 15
3446 15
3802 15
3933 15
3376 15
3774 15
1241 15
305 15
2535 15
2218 15
970 15
682 15
1461 15
3114 15
3145 15
2701 15
82 15
3330 15
2564 15
1042 15
3462 15
407 15
2469 15
748 15
3050 15
3216 15
2307 15
806 15
1611 15
3401 15
243 16
1251 16
3835 16
3319 16
2519 16
2658 16
922 16
2157 16
1909 16
2798 16
591 16
3511 16
742 16
2513 16
2243 16
3869 16
104 16
820 16
92 16
1565 16
825 16
2099 16
749 16
1896 16
2563 16
2380 16
2303 16
220 16
16 16
3054 16
2824 16
3603 16
3042 16
1339 16
3200 16
1013 16
2549 16
3190 16
99 16
1867 16
1194 16
440 16
1981 16
2589 16
1035 16
805 16
184 16
3846 16
3058 16
2120 16
1021 16
2706 16
2528 16
3273 16
3952 16
1825 16
388 16
1631 16
1476 16
1183 16
3111 16
2511 16
508 16
856 16
1260 16
2132 16
3073 16
103 16
198 16
288 16
507 16
2756 16
547 16
250 16
955 16
2845 16
1629 16
217 16
1807 16
1054 16
2979 16
2275 16
2936 16
3132 16
707 16
1503 16
3997 16
3868 16
640 16
2020 16
1242 16
2637 16
3094 16
2944 16
991 16
2902 16
3126 17
2635 17
4020 17
1410 17
149 17
928 17
609 17
2391 17
2422 17
2849 17
501 17
989 17
3664 17
1314 17
593 17
1889 17
3400 17
1019 17
2686 17
2279 17
3352 17
2012 17
1171 17
1570 17
431 17
1333 17
3561 17
1181 17
1579 17
1313 17
93 17
166 17
58 17
3522 17
2100 17
691 17
1910 17
1475 17
1278 17
1349 17
3024 17
315 17
1189 17
1212 17
2180 17
1312 17
1712 17
191 17
3815 17
1258 17
620 17
3610 17
3067 17
1864 17
1128 17
1300 17
402 17
513 17
3676 17
2907 17
1062 17
708 17
461 17
1452 17
660 17
331 17
337 17
622 17
313 17
3328 17
2551 17
1702 17
3413 17
3976 17
2977 17
264 17
3293 17
3867 17
1203 17
1310 17
2386 17
3198 17
3299 17
3746 17
705 17
1059 17
3365 17
4015 17
3375 17
3961 17
2809 17
649 17
256 17
3044 17
2219 17
3915 17
838 18
2606 18
841 18
3879 18
1958 18
1472 18
3694 18
3321 18
2832 18
2904 18
176 18
2873 18
265 18
1129 18
2421 18
2531 18
2941 18
2588 18
4035 18
739 18
2912 18
1011 18
2291 18
484 18
3423 18
1622 18
2655 18
2586 18
459 18
1041 18
2118 18
2036 18
4024 18
1306 18
2352 18
3404 18
1457 18
3432 18
1743 18
614 18
594 18
1110 18
2910 18
132 18
3035 18
2894 18
1367 18
654 18
3995 18
2321 18
2741 18
179 18
3439 18
1460 18
353 18
925 18
2696 18
2420 18
277 18
251 18
3567 18
3052 18
1421 18
584 18
1253 18
439 18
1880 18
3003 18
533 18
1587 18
2122 18
3734 18
1150 18
3782 18
1060 18
3474 18
2377 18
2103 18
53 18
3613 18
3973 18
570 18
2255 18
2896 18
3714 18
3678 18
3885 18
3192 18
2058 18
157 18
2602 18
1874 18
3609 18
759 18
921 18
2241 18
3553 19
3550 19
66 19
1161 19
2978 19
741 19
750 19
1321 19
1594 19
483 19
137 19
2524 19
71 19
3735 19
1600 19
3209 19
2925 19
1738 19
2861 19
63 19
327 19
2337 19
3259 19
1898 19
1050 19
3038 19
831 19
2064 19
1374 19
153 19
3041 19
3253 19
3232 19
2921 19
890 19
2016 19
2015 19
1866 19
1781 19
1488 19
3744 19
915 19
2277 19
2887 19
1412 19
341 19
872 19
3779 19
2287 19
3430 19
627 19
605 19
3728 19
671 19
2841 19
4011 19
657 19
601 19
2748 19
2195 19
1684 19
1233 19
2325 19
2576 19
869 19
1489 19
169 19
2408 19
3270 19
1063 19
3426 19
3845 19
752 19
3685 19
1417 19
2923 19
2143 19
694 19
3427 19
1832 19
900 19
1522 19
819 19
3605 19
894 19
753 19
3417 19
254 19
3544 19
3996 19
1342 19
1773 19
2040 19
3646 19
3704 19
2769 19
3886 20
391 20
3475 20
3491 20
2139 20
2959 20
3464 20
3234 20
3219 20
2607 20
3534 20
635 20
1911 20
3555 20
3006 20
2309 20
2689 20
3891 20
1992 20
412 20
600 20
75 20
2834 20
1932 20
2045 20
1466 20
129 20
3732 20
1661 20
2379 20
1293 20
2764 20
1424 20
3419 20
1402 20
3644 20
1700 20
358 20
2188 20
1666 20
693 20
2304 20
3066 20
90 20
273 20
680 20
1549 20
2350 20
1191 20
1580 20
212 20
3583 20
2145 20
1501 20
493 20
2178 20
2500 20
1614 20
3410 20
2026 20
1530 20
3856 20
764 20
792 20
1301 20
2596 20
3314 20
2250 20
799 20
3027 20
1134 20
2000 20
1610 20
1039 20
3808 20
1077 20
3618 20
138 20
2136 20
1996 20
3504 20
175 20
1368 20
3455 20
4019 20
853 20
3641 20
492 20
722 20
2858 20
3 20
879 20
3577 20
294 20
1471 20
3206 20
2675 21
1055 21
2215 21
2593 21
1097 21
2726 21
3675 21
1853 21
1713 21
2046 21
3730 21
936 21
1275 21
1625 21
1308 21
859 21
488 21
97 21
2423 21
616 21
486 21
2685 21
1589 21
227 21
3766 21
612 21
883 21
2714 21
77 21
324 21
21 21
3681 21
3726 21
568 21
1935 21
2540 21
3407 21
2130 21
598 21
1373 21
2501 21
1305 21
115 21
919 21
3015 21
3170 21
2700 21
965 21
3809 21
2056 21
1623 21
218 21
2502 21
109 21
2231 21
1847 21
909 21
2327 21
1791 21
3308 21
1840 21
3282 21
656 21
3422 21
2110 21
3370 21
3022 21
1520 21
1968 21
3142 21
2610 21
3229 21
3438 21
663 21
1714 21
3617 21
1564 21
3604 21
3818 21
2943 21
1506 21
4008 21
1921 21
1267 21
3241 21
958 21
2217 21
3556 21
1819 21
972 21
1492 21
2366 21
2704 21
1792 21
678 21
740 21
664 22
631 22
1543 22
2772 22
1379 22
2200 22
2730 22
414 22
3514 22
316 22
3632 22
563 22
927 22
786 22
1991 22
1399 22
3721 22
2340 22
3716 22
2491 22
74 22
2252 22
2082 22
3513 22
3316 22
523 22
2464 22
1542 22
1268 22
2316 22
528 22
1605 22
2242 22
3435 22
579 22
333 22
2810 22
615 22
1032 22
1163 22
1583 22
387 22
2368 22
2412 22
1370 22
3405 22
1385 22
1674 22
1586 22
2727 22
1527 22
1490 22
650 22
3897 22
2245 22
1799 22
2844 22
1014 22
160 22
706 22
2066 22
345 22
1406 22
423 22
2888 22
253 22
3228 22
2053 22
1948 22
1316 22
771 22
1842 22
3087 22
1895 22
1574 22
2076 22
3130 22
314 22
3343 22
3118 22
233 22
154 22
2433 22
3163 22
3312 22
3584 22
3105 22
2993 22
230 22
1125 22
1240 22
2821 22
1920 22
279 22
3239 22
618 22
1294 23
1323 23
1838 23
1900 23
2023 23
3460 23
2780 23
3144 23
710 23
808 23
1048 23
599 23
3472 23
2492 23
2463 23
3420 23
1431 23
794 23
2088 23
2504 23
2937 23
2090 23
312 23
688 23
1364 23
2429 23
1390 23
1270 23
2656 23
3785 23
2146 23
2800 23
3057 23
3065 23
433 23
1788 23
2796 23
3597 23
1884 23
703 23
1330 23
85 23
1659 23
2677 23
3274 23
1710 23
3007 23
1758 23
1282 23
318 23
3070 23
76 23
3389 23
173 23
1626 23
295 23
1450 23
2847 23
2587 23
3804 23
1557 23
529 23
2565 23
1763 23
2037 23
3266 23
3601 23
2527 23
3953 23
1046 23
562 23
865 23
1234 23
837 23
31 23
224 23
1618 23
3191 23
3828 23
1263 23
2158 23
3633 23
1160 23
454 23
3341 23
3371 23
466 23
2098 23
882 23
1118 23
1696 23
2777 23
3186 23
1736 23
1814 23
1114 23
334 24
203 24
2320 24
637 24
215 24
3323 24
2649 24
3758 24
1515 24
3717 24
1396 24
2403 24
1719 24
1540 24
3991 24
3803 24
2480 24
125 24
581 24
3268 24
2935 24
2319 24
2628 24
2819 24
25 24
1437 24
1391 24
2575 24
2747 24
738 24
2651 24
1095 24
107 24
2280 24
3497 24
1757 24
926 24
3663 24
2868 24
1505 24
3627 24
1434 24
2532 24
3140 24
1975 24
3517 24
871 24
2078 24
3539 24
3201 24
1279 24
4038 24
3896 24
3640 24
3982 24
2898 24
2482 24
2805 24
3999 24
2300 24
245 24
2278 24
2458 24
1526 24
395 24
1768 24
2757 24
349 24
2814 24
274 24
1942 24
3224 24
1533 24
1044 24
2387 24
1748 24
1280 24
389 24
3643 24
1633 24
3945 24
1388 24
1694 24
935 24
3750 24
1761 24
880 24
2258 24
3124 24
2490 24
1762 24
3520 24
2508 24
1207 24
2173 24
2534 24
3382 25
2246 25
3918 25
4034 25
516 25
269 25
607 25
3336 25
3230 25
301 25
3812 25
2008 25
3109 25
1746 25
1645 25
1961 25
3841 25
3134 25
1876 25
3092 25
3859 25
3977 25
3008 25
2063 25
1851 25
446 25
2431 25
2102 25
3872 25
1836 25
3456 25
3855 25
465 25
2688 25
1724 25
519 25
214 25
3562 25
713 25
64 25
1326 25
2411 25
3725 25
1467 25
3662 25
539 25
2836 25
450 25
714 25
2581 25
2506 25
532 25
3723 25
3247 25
11 25
2918 25
3289 25
2673 25
954 25
884 25
2401 25
848 25
3359 25
3138 25
840 25
2312 25
3776 25
997 25
3508 25
3666 25
87 25
2445 25
3502 25
375 25
3954 25
500 25
3631 25
1130 25
1630 25
3692 25
1469 25
2867 25
1504 25
3390 25
1485 25
967 25
1821 25
1816 25
889 25
3082 25
134 25
3032 25
3696 25
2004 25
405 25
2732 25
2682 26
2405 26
3197 26
3231 26
1519 26
2991 26
1591 26
3164 26
2201 26
2663 26
398 26
475 26
2017 26
1246 26
152 26
185 26
572 26
477 26
2930 26
2608 26
1901 26
258 26
906 26
2498 26
1343 26
3881 26
4036 26
1931 26
957 26
443 26
1521 26
1560 26
3877 26
1073 26
1509 26
2797 26
506 26
2197 26
3935 26
3718 26
1616 26
3096 26
2778 26
2282 26
1627 26
2916 26
576 26
3494 26
1918 26
471 26
1387 26
2568 26
1973 26
1052 26
673 26
1116 26
2055 26
2998 26
1498 26
3143 26
3719 26
822 26
719 26
3380 26
3155 26
1208 26
369 26
538 26
3942 26
2373 26
136 26
1805 26
1265 26
161 26
3861 26
3706 26
2573 26
560 26
1026 26
2906 26
3393 26
897 26
1443 26
2486 26
3741 26
1172 26
2034 26
2919 26
200 26
2639 26
33 26
3240 26
3580 26
89 26
1209 26
3433 26
2354 27
3983 27
2871 27
1562 27
971 27
3283 27
1979 27
1575 27
3671 27
1237 27
3288 27
1024 27
1737 27
1225 27
2406 27
3403 27
3334 27
302 27
3831 27
2238 27
1178 27
1905 27
3571 27
1045 27
1882 27
1040 27
2951 27
1888 27
951 27
586 27
2388 27
2038 27
3788 27
2538 27
3442 27
2496 27
323 27
3761 27
696 27
737 27
3088 27
1687 27
3267 27
3558 27
596 27
1764 27
1535 27
1468 27
1201 27
3910 27
3914 27
188 27
3332 27
3652 27
3657 27
1817 27
2691 27
2595 27
3693 27
1777 27
370 27
3179 27
1177 27
2585 27
961 27
3608 27
2529 27
3490 27
2216 27
1998 27
3242 27
1297 27
3947 27
2185 27
1345 27
3611 27
3755 27
1628 27
3373 27
1386 27
3770 27
1923 27
306 27
632 27
3337 27
1679 27
590 27
62 27
1871 27
2154 27
408 27
1803 27
2969 27
1359 27
2417 27
2057 27
3844 28
151 28
2028 28
623 28
2670 28
1581 28
1561 28
3711 28
1303 28
178 28
1682 28
2875 28
3226 28
2342 28
978 28
772 28
1318 28
3998 28
1545 28
3552 28
3223 28
1361 28
1413 28
2976 28
2206 28
1829 28
608 28
2005 28
3428 28
3339 28
2831 28
3816 28
2880 28
3499 28
1094 28
3813 28
1392 28
3220 28
3029 28
285 28
559 28
2081 28
2455 28
780 28
1571 28
592 28
2257 28
1870 28
3048 28
1934 28
1976 28
1701 28
1119 28
2084 28
1195 28
2779 28
630 28
2653 28
481 28
1890 28
464 28
2866 28
3450 28
1671 28
2262 28
56 28
2256 28
1272 28
648 28
3990 28
2493 28
2580 28
3245 28
3272 28
1985 28
3554 28
1179 28
3579 28
2249 28
3936 28
3847 28
211 28
1810 28
3817 28
2041 28
2550 28
3962 28
2123 28
768 28
222 28
1692 28
1892 28
3217 28
2693 28
4 28
2107 28
1655 29
474 29
1324 29
3837 29
3895 29
360 29
3156 29
150 29
2253 29
1640 29
2713 29
3551 29
2029 29
3453 29
1350 29
658 29
428 29
2744 29
1315 29
1365 29
3364 29
1425 29
1925 29
373 29
2934 29
3929 29
3187 29
2397 29
743 29
3151 29
3333 29
2668 29
2125 29
3440 29
717 29
3246 29
3715 29
1103 29
2753 29
84 29
2404 29
2356 29
2761 29
3733 29
374 29
3107 29
1025 29
3980 29
3053 29
1769 29
3478 29
2449 29
329 29
1793 29
2022 29
2211 29
2049 29
3531 29
3362 29
1245 29
2820 29
1919 29
509 29
1798 29
1182 29
3349 29
3607 29
3791 29
679 29
244 29
3931 29
582 29
1088 29
3616 29
3250 29
3311 29
2230 29
470 29
3281 29
810 29
3956 29
2415 29
2560 29
3736 29
956 29
3524 29
291 29
1859 29
2879 29
1158 29
1180 29
948 29
133 29
1192 29
1924 29
2432 29
2823 30
2913 30
1673 30
10 30
641 30
307 30
2260 30
711 30
982 30
643 30
332 30
2705 30
3537 30
3901 30
2562 30
851 30
406 30
2497 30
246 30
2543 30
2329 30
3434 30
1756 30
3900 30
1217 30
1813 30
1845 30
3454 30
2140 30
924 30
3965 30
3031 30
3398 30
1704 30
2285 30
485 30
3448 30
348 30
3437 30
2305 30
611 30
621 30
219 30
2811 30
2578 30
2363 30
303 30
2014 30
1641 30
267 30
467 30
1956 30
1034 30
210 30
755 30
1395 30
1804 30
1960 30
1922 30
1164 30
2351 30
50 30
420 30
3964 30
2612 30
3989 30
2856 30
1196 30
3533 30
223 30
186 30
1123 30
518 30
3174 30
2900 30
57 30
1238 30
3457 30
1478 30
931 30
1213 30
795 30
411 30
1159 30
2444 30
2148 30
2414 30
2967 30
1132 30
1983 30
886 30
3752 30
758 30
2826 30
2194 30
489 30
3905 31
788 31
2954 31
494 31
944 31
3849 31
1255 31
1109 31
3830 31
2878 31
1441 31
1354 31
3668 31
1742 31
3981 31
2174 31
2267 31
3329 31
1511 31
2382 31
3449 31
1254 31
996 31
2833 31
3180 31
907 31
1205 31
381 31
70 31
1835 31
2010 31
2915 31
2645 31
1950 31
3097 31
984 31
2274 31
3519 31
3468 31
2949 31
988 31
3784 31
782 31
2116 31
41 31
3636 31
1131 31
3444 31
2441 31
1145 31
1394 31
1058 31
1453 31
868 31
1997 31
3162 31
1331 31
3292 31
117 31
1377 31
3152 31
2736 31
2499 31
2334 31
3269 31
998 31
1846 31
1142 31
354 31
1005 31
1320 31
1099 31
2426 31
2994 31
1784 31
3121 31
1980 31
3196 31
2522 31
1106 31
2664 31
2137 31
3005 31
721 31
1783 31
3810 31
2897 31
1883 31
3944 31
1483 31
1775 31
432 31
2007 31
3212 31
51 31
1397 31
2652 32
3563 32
282 32
1517 32
2709 32
3876 32
2182 32
1422 32
168 32
2318 32
3749 32
2459 32
2802 32
1235 32
3361 32
417 32
994 32
2569 32
2828 32
2425 32
311 32
812 32
2928 32
1624 32
1537 32
3353 32
3205 32
1277 32
105 32
2370 32
3443 32
1274 32
670 32
3843 32
3295 32
3890 32
2487 32
2481 32
687 32
1510 32
1049 32
2865 32
3335 32
892 32
2310 32
468 32
2742 32
1939 32
517 32
3582 32
624 32
3569 32
83 32
816 32
3249 32
127 32
3089 32
164 32
2669 32
3559 32
2662 32
918 32
1433 32
213 32
3806 32
3068 32
3797 32
1926 32
3594 32
1033 32
1726 32
3080 32
4003 32
3159 32
3117 32
1382 32
1338 32
1862 32
866 32
1340 32
3354 32
1065 32
3275 32
744 32
1891 32
555 32
1755 32
2632 32
343 32
111 32
2715 32
2311 32
2424 32
1613 32
110 32
3927 32
2548 33
3483 33
1914 33
3771 33
2966 33
1656 33
2781 33
2739 33
1376 33
1592 33
118 33
3655 33
1785 33
1117 33
3871 33
1999 33
903 33
2470 33
2236 33
3009 33
3061 33
2204 33
1716 33
1597 33
3660 33
1223 33
1440 33
24 33
1953 33
1558 33
2358 33
3135 33
80 33
2848 33
3619 33
3153 33
1595 33
1720 33
847 33
255 33
1703 33
1908 33
2222 33
1355 33
1669 33
1699 33
263 33
876 33
2893 33
625 33
2842 33
1568 33
947 33
617 33
3870 33
330 33
2212 33
1309 33
1375 33
1112 33
960 33
1170 33
2922 33
317 33
1801 33
1124 33
979 33
2567 33
1984 33
2135 33
3185 33
3972 33
1135 33
2611 33
1012 33
3768 33
1061 33
1843 33
1944 33
3046 33
651 33
1826 33
3543 33
1747 33
2067 33
3383 33
2509 33
1812 33
3763 33
1299 33
2438 33
2289 33
3615 33
2734 33
1903 33
546 33
1869 34
497 34
1020 34
2283 34
3620 34
1902 34
2121 34
2850 34
720 34
896 34
1741 34
3188 34
436 34
3154 34
3839 34
22 34
2816 34
2687 34
604 34
999 34
1636 34
2024 34
1572 34
2852 34
3634 34
796 34
2357 34
2579 34
1697 34
1865 34
298 34
3912 34
2503 34
3773 34
3925 34
189 34
100 34
603 34
815 34
3386 34
3747 34
1271 34
2755 34
962 34
3076 34
3661 34
1372 34
3595 34
2592 34
2719 34
2111 34
1162 34
347 34
2698 34
695 34
3014 34
3479 34
3251 34
1938 34
2093 34
3653 34
2767 34
1811 34
3501 34
1904 34
1319 34
2681 34
3767 34
2375 34
3218 34
3484 34
3659 34
1175 34
1244 34
1 34
2244 34
1663 34
1232 34
2331 34
2521 34
712 34
3064 34
2774 34
3648 34
2723 34
1722 34
785 34
521 34
2270 34
1211 34
2855 34
1648 34
1336 34
1672 34
3473 34
1266 34
2077 35
1230 35
2948 35
510 35
3540 35
1285 35
2552 35
1352 35
2720 35
286 35
1766 35
1491 35
807 35
2746 35
3018 35
3039 35
2946 35
2813 35
2205 35
3303 35
2129 35
6 35
1786 35
2903 35
181 35
1043 35
778 35
2361 35
1577 35
473 35
2094 35
2483 35
1787 35
3622 35
3221 35
2984 35
1415 35
1779 35
2443 35
444 35
156 35
3674 35
2378 35
3822 35
1069 35
3536 35
113 35
1356 35
3682 35
2783 35
1637 35
2086 35
2627 35
1438 35
1143 35
3167 35
3958 35
1141 35
1344 35
1632 35
791 35
2703 35
96 35
913 35
932 35
3257 35
3360 35
1250 35
1432 35
1885 35
3344 35
817 35
911 35
1927 35
158 35
1566 35
442 35
4009 35
3225 35
652 35
3838 35
1016 35
3461 35
3010 35
3585 35
3285 35
1686 35
3204 35
1360 35
4030 35
734 35
101 35
1688 35
725 35
3320 35
3276 35
665 36
969 36
633 36
3069 36
2542 36
3656 36
2293 36
3195 36
1448 36
421 36
2731 36
1022 36
2793 36
860 36
1465 36
163 36
3260 36
1493 36
1262 36
171 36
522 36
1760 36
606 36
2263 36
2385 36
1512 36
3418 36
147 36
2234 36
610 36
2830 36
3673 36
3796 36
39 36
2297 36
1751 36
2890 36
2259 36
1809 36
3036 36
3807 36
1072 36
2609 36
535 36
3158 36
1366 36
14 36
180 36
1133 36
3967 36
3702 36
2598 36
378 36
208 36
3465 36
1028 36
3798 36
2070 36
1081 36
3493 36
2597 36
2815 36
833 36
1404 36
2939 36
862 36
2477 36
1154 36
1115 36
3992 36
3848 36
3040 36
438 36
472 36
3979 36
550 36
424 36
2717 36
1226 36
2271 36
3346 36
2735 36
32 36
2166 36
2678 36
3978 36
2505 36
1239 36
2881 36
2225 36
3415 36
3753 36
646 36
1167 36
1513 36
1000 36
281 37
1429 37
542 37
3645 37
2072 37
873 37
2202 37
300 37
409 37
2306 37
2544 37
1877 37
38 37
297 37
3079 37
3588 37
1872 37
1228 37
2643 37
3756 37
536 37
1621 37
1087 37
977 37
1286 37
2933 37
2743 37
836 37
1068 37
1295 37
2141 37
2315 37
3874 37
2692 37
1717 37
335 37
2536 37
162 37
2435 37
2371 37
1008 37
2333 37
491 37
1653 37
963 37
3530 37
2765 37
278 37
2437 37
280 37
761 37
3487 37
328 37
2080 37
232 37
644 37
2175 37
3492 37
2059 37
1952 37
2392 37
205 37
234 37
1284 37
3063 37
249 37
2220 37
3013 37
2372 37
239 37
891 37
1215 37
777 37
634 37
1993 37
2942 37
2711 37
2276 37
3208 37
2992 37
2853 37
1732 37
1168 37
1863 37
3215 37
3211 37
1086 37
1599 37
8 37
1552 37
674 37
240 37
1642 37
3541 37
875 37
1971 37
1989 38
1664 38
681 38
968 38
3476 38
3086 38
382 38
60 38
3424 38
2214 38
2671 38
207 38
401 38
2254 38
3506 38
3528 38
3309 38
1815 38
308 38
3581 38
1023 38
1894 38
3724 38
751 38
4022 38
574 38
1837 38
3974 38
3731 38
784 38
1018 38
447 38
3963 38
3279 38
1389 38
2982 38
1649 38
248 38
403 38
2646 38
2676 38
2758 38
221 38
3926 38
3538 38
1912 38
1683 38
1734 38
1451 38
1765 38
2699 38
397 38
386 38
779 38
1667 38
3307 38
1937 38
3213 38
995 38
1936 38
2360 38
2338 38
3614 38
2962 38
541 38
3764 38
877 38
1988 38
2740 38
1140 38
974 38
2105 38
3737 38
1353 38
3521 38
128 38
3708 38
276 38
937 38
241 38
2584 38
2899 38
290 38
29 38
4006 38
2410 38
942 38
2268 38
2409 38
86 38
1384 38
262 38
920 38
1015 38
495 38
1849 38
2119 39
3684 39
1794 39
1529 39
4010 39
2751 39
1634 39
1276 39
2920 39
823 39
2825 39
2989 39
3093 39
2208 39
867 39
1733 39
2484 39
3573 39
2161 39
1085 39
676 39
2251 39
1946 39
2702 39
525 39
515 39
3136 39
2181 39
3115 39
283 39
3342 39
1990 39
2997 39
350 39
3970 39
3898 39
3596 39
986 39
237 39
980 39
1259 39
3304 39
3406 39
3599 39
1486 39
458 39
79 39
2001 39
1327 39
2453 39
2 39
3762 39
2172 39
3778 39
3189 39
2209 39
661 39
3123 39
1531 39
3899 39
4012 39
2494 39
3821 39
2617 39
3447 39
1222 39
2561 39
3565 39
435 39
3738 39
2079 39
731 39
3120 39
2050 39
1078 39
2947 39
3587 39
2957 39
13 39
1858 39
647 39
1780 39
1202 39
4037 39
3994 39
2625 39
3148 39
1092 39
3075 39
2199 39
3624 39
2792 39
469 39
2952 39
2786 39
47 39
3525 40
2266 40
1029 40
2167 40
1917 40
2440 40
1563 40
1576 40
260 40
2442 40
1729 40
2787 40
3244 40
655 40
2570 40
626 40
449 40
3527 40
192 40
3095 40
372 40
2021 40
2087 40
566 40
898 40
1482 40
1635 40
2390 40
3677 40
1754 40
2394 40
3059 40
1076 40
2207 40
2299 40
3051 40
1010 40
4031 40
1084 40
585 40
1879 40
2633 40
3745 40
3623 40
1620 40
2044 40
2684 40
870 40
1288 40
2940 40
3589 40
2323 40
3862 40
3740 40
864 40
271 40
1096 40
1643 40
1292 40
3297 40
131 40
3366 40
938 40
229 40
3178 40
3147 40
3452 40
1328 40
2804 40
899 40
2281 40
2818 40
2621 40
3790 40
1105 40
1554 40
1893 40
669 40
1002 40
2986 40
2187 40
700 40
2600 40
2495 40
292 40
2654 40
2799 40
3836 40
2874 40
1093 40
2745 40
858 40
1455 40
1516 40
666 40
1494 40
3416 41
2603 41
1857 41
3993 41
3985 41
413 41
3549 41
953 41
3503 41
326 41
1185 41
3166 41
933 41
2708 41
187 41
284 41
2885 41
787 41
2364 41
1481 41
3529 41
3626 41
2533 41
2574 41
3397 41
1200 41
2261 41
322 41
1550 41
3777 41
511 41
2196 41
1881 41
2988 41
177 41
3305 41
1083 41
2472 41
1408 41
3471 41
1470 41
396 41
1556 41
379 41
418 41
1378 41
3127 41
3920 41
881 41
636 41
1138 41
1393 41
1731 41
2859 41
653 41
3300 41
3108 41
26 41
3560 41
3315 41
1139 41
2413 41
1839 41
902 41
1718 41
2232 41
2872 41
2661 41
2932 41
814 41
2298 41
108 41
2465 41
2069 41
952 41
895 41
383 41
122 41
130 41
1728 41
2418 41
356 41
2233 41
3654 41
3033 41
2771 41
419 41
3016 41
571 41
914 41
1003 41
1126 41
3037 41
102 41
456 41
2619 41
